[[16, 1, 1], 0.00981283187866211, 0.003358125686645508, 1.1102230246251565e-16, 0]
[[6, 5, 2, 2, 2, 1], 0.11246585845947266, 0.019748926162719727, 1.3073986337985843e-12, 0]
[[9, 3, 3, 3], 0.043066978454589844, 0.009273052215576172, 7.993605777301127e-14, 0]
[[12, 4, 2], 0.015835046768188477, 0.004759073257446289, 6.8833827526759706e-15, 0]
[[4, 3, 3, 3, 3, 1, 1], 0.17688202857971191, 0.021380186080932617, 1.2732925824820995e-11, 0]
[[6, 2, 2, 2, 2, 2, 1, 1], 0.16238784790039062, 0.030870914459228516, 3.0240698833949864e-11, 0]
[[6, 3, 2, 2, 1, 1, 1, 1, 1], 0.16966605186462402, 0.03917074203491211, 2.773958840407431e-11, 0]
[[2, 1, 1, 1, 1, 1, 1, 1, 1, 1, 1, 1, 1, 1, 1, 1, 1], 0.3383958339691162, 0.06870198249816895, 1.0337680578231812e-07, 0]
[[4, 4, 3, 3, 2, 2], 0.14779233932495117, 0.017987728118896484, 1.0118128557223827e-11, 0]
[[6, 3, 2, 2, 1, 1, 1, 1, 1], 0.16855120658874512, 0.03809475898742676, 2.773958840407431e-11, 0]
[[7, 4, 3, 2, 1, 1], 0.09699821472167969, 0.01932382583618164, 1.0516032489249483e-12, 0]
[[7, 4, 4, 1, 1, 1], 0.08787012100219727, 0.016051769256591797, 1.2505552149377763e-12, 0]
[[4, 4, 4, 3, 3], 0.10887718200683594, 0.010915040969848633, 1.6768808563938364e-12, 0]
[[5, 2, 2, 2, 2, 2, 1, 1, 1], 0.20952510833740234, 0.03683900833129883, 5.638867150992155e-11, 0]
[[6, 5, 3, 2, 2], 0.09058785438537598, 0.014431953430175781, 9.947598300641403e-13, 0]
[[6, 2, 2, 2, 1, 1, 1, 1, 1, 1], 0.179581880569458, 0.042109012603759766, 6.184563972055912e-11, 0]
[[6, 2, 2, 1, 1, 1, 1, 1, 1, 1, 1], 0.1852719783782959, 0.05150604248046875, 2.3283064365386963e-10, 0]
[[15, 3], 0.007413148880004883, 0.0015821456909179688, 1.1102230246251565e-16, 0]
[[8, 5, 2, 2, 1], 0.06150412559509277, 0.014567136764526367, 2.8421709430404007e-13, 0]
[[7, 4, 3, 2, 1, 1], 0.09706592559814453, 0.01923203468322754, 1.0516032489249483e-12, 0]
[[13, 3, 1, 1], 0.017833948135375977, 0.007630109786987305, 1.554312234475219e-14, 0]
[[9, 7, 1, 1], 0.02762317657470703, 0.005036115646362305, 1.3766765505351941e-14, 0]
[[8, 8, 2], 0.021962881088256836, 0.0025129318237304688, 7.549516567451064e-15, 0]
[[10, 2, 2, 2, 1, 1], 0.05022001266479492, 0.021406888961791992, 4.689582056016661e-13, 0]
[[5, 5, 3, 2, 2, 1], 0.12561392784118652, 0.018194198608398438, 2.3874235921539366e-12, 0]
[[8, 5, 3, 2], 0.046705007553100586, 0.008478164672851562, 5.3290705182007514e-14, 0]
[[11, 2, 2, 2, 1], 0.03409099578857422, 0.015849828720092773, 7.993605777301127e-14, 0]
[[5, 4, 4, 1, 1, 1, 1, 1], 0.1575028896331787, 0.028877973556518555, 6.59383658785373e-12, 0]
[[12, 3, 2, 1], 0.02223682403564453, 0.00937032699584961, 1.5987211554602254e-14, 0]
[[13, 1, 1, 1, 1, 1], 0.0240020751953125, 0.016901731491088867, 8.526512829121202e-14, 0]
[[7, 3, 1, 1, 1, 1, 1, 1, 1, 1], 0.13335585594177246, 0.0428619384765625, 2.8194335754960775e-11, 0]
[[4, 4, 4, 2, 1, 1, 1, 1], 0.1747910976409912, 0.027431011199951172, 1.2278178473934531e-11, 0]
[[3, 3, 3, 1, 1, 1, 1, 1, 1, 1, 1, 1], 0.27397894859313965, 0.05602717399597168, 7.421476766467094e-10, 0]
[[4, 3, 3, 3, 2, 2, 1], 0.18177318572998047, 0.02309584617614746, 2.2737367544323206e-11, 0]
[[6, 4, 3, 3, 1, 1], 0.11642193794250488, 0.017800092697143555, 1.5631940186722204e-12, 0]
[[9, 7, 1, 1], 0.027299880981445312, 0.004800081253051758, 1.3766765505351941e-14, 0]
[[4, 3, 3, 3, 3, 2], 0.14907097816467285, 0.016179800033569336, 8.185452315956354e-12, 0]
[[2, 2, 2, 1, 1, 1, 1, 1, 1, 1, 1, 1, 1, 1, 1], 0.31966590881347656, 0.06175112724304199, 2.5029294192790985e-08, 0]
[[5, 4, 3, 3, 1, 1, 1], 0.14676809310913086, 0.021931171417236328, 3.069544618483633e-12, 0]
[[8, 5, 4, 1], 0.041603803634643555, 0.006695270538330078, 7.638334409421077e-14, 0]
[[3, 3, 3, 3, 3, 2, 1], 0.18683600425720215, 0.02092599868774414, 2.8194335754960775e-11, 0]
[[9, 4, 3, 1, 1], 0.050621986389160156, 0.013104677200317383, 1.1013412404281553e-13, 0]
[[10, 2, 2, 2, 2], 0.04399681091308594, 0.01674485206604004, 1.0658141036401503e-13, 0]
[[5, 2, 2, 2, 2, 1, 1, 1, 1, 1], 0.22804522514343262, 0.04256391525268555, 1.2005330063402653e-10, 0]
[[6, 4, 4, 2, 2], 0.094696044921875, 0.013449907302856445, 1.0302869668521453e-12, 0]
[[6, 4, 3, 3, 2], 0.09321093559265137, 0.013463020324707031, 1.4139800441625994e-12, 0]
[[6, 3, 3, 2, 2, 2], 0.12274503707885742, 0.020665884017944336, 4.149569576838985e-12, 0]
[[7, 7, 3, 1], 0.04123497009277344, 0.006151914596557617, 7.638334409421077e-14, 0]
[[8, 7, 1, 1, 1], 0.04224395751953125, 0.00883793830871582, 1.5631940186722204e-13, 0]
[[10, 2, 2, 1, 1, 1, 1], 0.05459475517272949, 0.026586055755615234, 3.126388037344441e-13, 0]
[[4, 3, 3, 3, 1, 1, 1, 1, 1], 0.21418309211730957, 0.036087751388549805, 4.274625098332763e-11, 0]
[[5, 4, 1, 1, 1, 1, 1, 1, 1, 1, 1], 0.20433497428894043, 0.04914402961730957, 1.3642420526593924e-10, 0]
[[10, 3, 2, 2, 1], 0.04332304000854492, 0.015555143356323242, 2.5579538487363607e-13, 0]
[[9, 4, 2, 2, 1], 0.05195498466491699, 0.014847993850708008, 2.6290081223123707e-13, 0]
[[5, 5, 2, 1, 1, 1, 1, 1, 1], 0.165816068649292, 0.035546064376831055, 1.2391865311656147e-11, 0]
[[7, 7, 4], 0.02855086326599121, 0.0028302669525146484, 1.7763568394002505e-14, 0]
[[7, 5, 2, 1, 1, 1, 1], 0.09863114356994629, 0.023019075393676758, 1.4850343177386094e-12, 0]
[[9, 4, 4, 1], 0.036746978759765625, 0.007308006286621094, 3.375077994860476e-14, 0]
[[5, 5, 4, 4], 0.06490898132324219, 0.005530834197998047, 2.0605739337042905e-13, 0]
[[7, 6, 2, 1, 1, 1], 0.07389402389526367, 0.015549898147583008, 4.902744876744691e-13, 0]
[[5, 4, 2, 1, 1, 1, 1, 1, 1, 1], 0.19324994087219238, 0.043479204177856445, 9.458744898438454e-11, 0]
[[6, 6, 1, 1, 1, 1, 1, 1], 0.11118173599243164, 0.028304100036621094, 2.3021584638627246e-12, 0]
[[8, 2, 2, 2, 1, 1, 1, 1], 0.09957313537597656, 0.0334320068359375, 8.526512829121202e-12, 0]
[[8, 4, 3, 2, 1], 0.06481003761291504, 0.014426708221435547, 4.725109192804666e-13, 0]
[[6, 3, 3, 2, 2, 2], 0.12623906135559082, 0.021671295166015625, 4.149569576838985e-12, 0]
[[12, 2, 2, 1, 1], 0.027085065841674805, 0.014864921569824219, 9.237055564881302e-14, 0]
[[10, 1, 1, 1, 1, 1, 1, 1, 1], 0.06077885627746582, 0.03713726997375488, 2.5011104298755527e-12, 0]
[[9, 2, 2, 2, 1, 1, 1], 0.07140088081359863, 0.025995969772338867, 1.2505552149377763e-12, 0]
[[7, 4, 3, 1, 1, 1, 1], 0.10783100128173828, 0.02315068244934082, 2.7569058147491887e-12, 0]
[[11, 3, 3, 1], 0.026635169982910156, 0.008900165557861328, 2.842170943040401e-14, 0]
[[8, 7, 3], 0.0263826847076416, 0.0031158924102783203, 1.8207657603852567e-14, 0]
[[7, 3, 2, 2, 1, 1, 1, 1], 0.1259317398071289, 0.0334162712097168, 1.4438228390645236e-11, 0]
[[8, 4, 1, 1, 1, 1, 1, 1], 0.08781290054321289, 0.02982497215270996, 2.2737367544323206e-12, 0]
[[4, 4, 2, 2, 2, 1, 1, 1, 1], 0.21083307266235352, 0.03579878807067871, 7.275957614183426e-11, 0]
[[14, 1, 1, 1, 1], 0.017979145050048828, 0.011281013488769531, 1.3322676295501878e-14, 0]
[[8, 4, 4, 1, 1], 0.05960702896118164, 0.011086702346801758, 1.7763568394002505e-13, 0]
[[10, 3, 2, 2, 1], 0.04281926155090332, 0.015820980072021484, 2.5579538487363607e-13, 0]
[[6, 3, 1, 1, 1, 1, 1, 1, 1, 1, 1], 0.18001103401184082, 0.05105113983154297, 1.5825207810848951e-10, 0]
[[4, 3, 3, 2, 1, 1, 1, 1, 1, 1], 0.23795199394226074, 0.04105997085571289, 1.2732925824820995e-10, 0]
[[3, 2, 2, 2, 2, 2, 2, 1, 1, 1], 0.26828694343566895, 0.03891587257385254, 1.1714291758835316e-09, 0]
[[11, 1, 1, 1, 1, 1, 1, 1], 0.044938087463378906, 0.030955076217651367, 1.0089706847793423e-12, 0]
[[6, 1, 1, 1, 1, 1, 1, 1, 1, 1, 1, 1, 1], 0.1940138339996338, 0.059760332107543945, 4.802132025361061e-10, 0]
[[14, 1, 1, 1, 1], 0.0181429386138916, 0.011270999908447266, 1.3322676295501878e-14, 0]
[[8, 6, 4], 0.02726292610168457, 0.003016948699951172, 1.1546319456101628e-14, 0]
[[5, 4, 3, 2, 2, 2], 0.136976957321167, 0.02031683921813965, 4.831690603168681e-12, 0]
[[8, 4, 4, 1, 1], 0.0601201057434082, 0.011831998825073242, 1.7763568394002505e-13, 0]
[[9, 2, 2, 2, 1, 1, 1], 0.07152509689331055, 0.026668071746826172, 1.2505552149377763e-12, 0]
[[11, 3, 2, 2], 0.02790999412536621, 0.010798931121826172, 3.730349362740526e-14, 0]
[[6, 6, 4, 2], 0.055786848068237305, 0.006563663482666016, 1.4566126083082054e-13, 0]
[[10, 3, 3, 1, 1], 0.0412750244140625, 0.014081001281738281, 1.6697754290362354e-13, 0]
[[5, 2, 2, 1, 1, 1, 1, 1, 1, 1, 1, 1], 0.23131203651428223, 0.052922964096069336, 1.0986695997416973e-09, 0]
[[5, 2, 2, 2, 2, 1, 1, 1, 1, 1], 0.21278882026672363, 0.040472984313964844, 1.2005330063402653e-10, 0]
[[6, 6, 1, 1, 1, 1, 1, 1], 0.10778594017028809, 0.026816129684448242, 2.3021584638627246e-12, 0]
[[3, 3, 2, 2, 2, 2, 2, 1, 1], 0.251784086227417, 0.035466909408569336, 2.6193447411060333e-10, 0]
[[6, 3, 2, 2, 2, 2, 1], 0.14695501327514648, 0.028549909591674805, 6.59383658785373e-12, 0]
[[4, 4, 2, 2, 2, 2, 1, 1], 0.20163321495056152, 0.03186798095703125, 3.6834535421803594e-11, 0]
[[5, 5, 1, 1, 1, 1, 1, 1, 1, 1], 0.17445993423461914, 0.04171299934387207, 6.502887117676437e-11, 0]
[[8, 7, 2, 1], 0.03582596778869629, 0.005706071853637695, 5.861977570020827e-14, 0]
[[4, 2, 2, 2, 2, 2, 1, 1, 1, 1], 0.25021910667419434, 0.04199504852294922, 4.43833414465189e-10, 0]
[[6, 2, 1, 1, 1, 1, 1, 1, 1, 1, 1, 1], 0.1904468536376953, 0.057746171951293945, 2.473825588822365e-10, 0]
