[[11, 10, 4, 1], 0.10675406455993652, 0.06328701972961426, 1.1546319456101628e-13, 0]
[[7, 7, 2, 2, 1, 1, 1, 1, 1, 1, 1, 1], 1.3126602172851562, 1.127424955368042, 8.789356797933578e-09, 0]
[[9, 8, 3, 2, 2, 2], 0.45322394371032715, 0.4040849208831787, 6.252776074688882e-12, 0]
[[11, 4, 3, 3, 3, 1, 1], 0.4914679527282715, 0.5945320129394531, 3.9335645851679146e-11, 0]
[[6, 4, 3, 2, 1, 1, 1, 1, 1, 1, 1, 1, 1, 1, 1], 2.6946160793304443, 1.5815370082855225, 8.493661880493164e-07, 0]
[[4, 3, 3, 3, 3, 2, 2, 2, 1, 1, 1, 1], 3.2801430225372314, 1.0851109027862549, 2.905726432800293e-07, 0]
[[12, 5, 3, 1, 1, 1, 1, 1, 1], 0.4145832061767578, 0.7651729583740234, 5.3660187404602766e-11, 0]
[[8, 8, 3, 1, 1, 1, 1, 1, 1, 1], 0.8092179298400879, 0.7871341705322266, 2.3646862246096134e-10, 0]
[[17, 3, 2, 1, 1, 1, 1], 0.10781121253967285, 0.4653959274291992, 7.105427357601002e-13, 0]
[[7, 4, 4, 3, 2, 2, 2, 1, 1], 1.7240378856658936, 0.8363382816314697, 4.132743924856186e-09, 0]
[[17, 3, 2, 1, 1, 1, 1], 0.10398316383361816, 0.46282291412353516, 7.105427357601002e-13, 0]
[[20, 3, 2, 1], 0.03483009338378906, 0.12753701210021973, 2.7533531010703882e-14, 0]
[[11, 10, 1, 1, 1, 1, 1], 0.18674683570861816, 0.24839401245117188, 1.5205614545266144e-12, 0]
[[5, 4, 3, 3, 3, 1, 1, 1, 1, 1, 1, 1, 1], 2.7244629859924316, 1.213697910308838, 2.2165477275848389e-07, 0]
[[8, 4, 4, 3, 3, 1, 1, 1, 1], 1.1952931880950928, 0.7346899509429932, 1.025910023599863e-09, 0]
[[7, 3, 3, 2, 2, 1, 1, 1, 1, 1, 1, 1, 1, 1], 2.420081853866577, 1.4407191276550293, 3.110617399215698e-07, 0]
[[8, 7, 3, 2, 1, 1, 1, 1, 1, 1], 1.0212821960449219, 0.8374390602111816, 5.675246939063072e-10, 0]
[[8, 6, 5, 4, 2, 1], 0.6042790412902832, 0.32524991035461426, 1.3073986337985843e-11, 0]
[[9, 9, 4, 1, 1, 1, 1], 0.37431788444519043, 0.3328258991241455, 4.092726157978177e-12, 0]
[[7, 7, 7, 2, 1, 1, 1], 0.5553078651428223, 0.2729189395904541, 2.3646862246096134e-11, 0]
[[9, 8, 4, 2, 2, 1], 0.42110419273376465, 0.32614707946777344, 7.787548383930698e-12, 0]
[[8, 4, 3, 3, 3, 1, 1, 1, 1, 1], 1.3956100940704346, 0.8983590602874756, 1.5570549294352531e-09, 0]
[[9, 7, 1, 1, 1, 1, 1, 1, 1, 1, 1, 1], 0.8207337856292725, 1.0811848640441895, 1.3169483281672e-09, 0]
[[7, 5, 4, 3, 1, 1, 1, 1, 1, 1, 1], 1.6620888710021973, 1.0065641403198242, 5.587935447692871e-09, 0]
[[12, 4, 4, 4, 2], 0.24822330474853516, 0.30848097801208496, 1.2221335055073723e-12, 0]
[[11, 4, 4, 4, 3], 0.3169081211090088, 0.2835390567779541, 3.780087354243733e-12, 0]
[[10, 8, 4, 2, 2], 0.29101991653442383, 0.23156094551086426, 1.3073986337985843e-12, 0]
[[10, 4, 3, 2, 2, 2, 1, 1, 1], 0.8530778884887695, 0.874169111251831, 3.019522409886122e-10, 0]
[[8, 8, 2, 2, 1, 1, 1, 1, 1, 1], 0.8741068840026855, 0.8052561283111572, 3.0377123039215803e-10, 0]
[[12, 9, 4, 1], 0.10210418701171875, 0.07355785369873047, 1.4566126083082054e-13, 0]
[[12, 4, 3, 1, 1, 1, 1, 1, 1, 1], 0.4751286506652832, 0.9128823280334473, 2.1827872842550278e-10, 0]
[[9, 4, 3, 3, 2, 2, 1, 1, 1], 1.0721359252929688, 0.8666069507598877, 5.002220859751105e-10, 0]
[[8, 4, 3, 2, 2, 2, 2, 2, 1], 1.3957598209381104, 0.9321420192718506, 1.367880031466484e-09, 0]
[[8, 3, 3, 2, 2, 2, 2, 2, 2], 1.524728775024414, 0.9446771144866943, 5.587935447692871e-09, 0]
[[6, 4, 3, 3, 2, 2, 1, 1, 1, 1, 1, 1], 2.5994460582733154, 1.1579179763793945, 6.05359673500061e-08, 0]
[[5, 5, 5, 5, 5, 1], 0.8259310722351074, 0.19844698905944824, 4.3655745685100555e-11, 0]
[[3, 3, 3, 3, 2, 2, 2, 2, 1, 1, 1, 1, 1, 1], 3.792515754699707, 1.2552740573883057, 6.975140422582626e-05, 0]
[[8, 3, 3, 3, 3, 2, 2, 1, 1], 1.4078090190887451, 0.8355000019073486, 4.234607331454754e-09, 0]
[[8, 8, 4, 3, 3], 0.4079618453979492, 0.24378013610839844, 3.240074875066057e-12, 0]
[[14, 5, 4, 2, 1], 0.14419007301330566, 0.27225589752197266, 6.892264536872972e-13, 0]
[[14, 6, 4, 2], 0.10287094116210938, 0.15347623825073242, 1.0480505352461478e-13, 0]
[[8, 4, 4, 1, 1, 1, 1, 1, 1, 1, 1, 1, 1], 1.58762788772583, 1.2754690647125244, 2.6659108698368073e-08, 0]
[[13, 5, 2, 2, 2, 2], 0.25464701652526855, 0.4999518394470215, 2.9558577807620168e-12, 0]
[[7, 4, 2, 1, 1, 1, 1, 1, 1, 1, 1, 1, 1, 1, 1, 1], 2.4759292602539062, 1.668832778930664, 5.960464477539062e-07, 0]
[[12, 5, 3, 3, 3], 0.24550175666809082, 0.3285539150238037, 2.1316282072803006e-12, 0]
[[11, 7, 4, 2, 1, 1], 0.3007049560546875, 0.30164217948913574, 4.575895218295045e-12, 0]
[[8, 4, 3, 2, 2, 2, 1, 1, 1, 1, 1], 1.6765987873077393, 1.0836522579193115, 6.51925802230835e-09, 0]
[[4, 4, 3, 3, 2, 2, 2, 2, 2, 2], 2.7282891273498535, 0.9458107948303223, 6.146728992462158e-08, 0]
[[8, 6, 5, 2, 2, 2, 1], 0.7662200927734375, 0.4910609722137451, 6.59383658785373e-11, 0]
[[7, 5, 3, 3, 2, 2, 2, 2], 1.5148227214813232, 0.7517831325531006, 9.094947017729282e-10, 0]
[[8, 5, 2, 2, 2, 2, 2, 2, 1], 1.315335988998413, 0.9012901782989502, 1.3096723705530167e-09, 0]
[[7, 5, 5, 4, 2, 1, 1, 1], 1.1148290634155273, 0.5301101207733154, 2.601154847070575e-10, 0]
[[11, 6, 3, 1, 1, 1, 1, 1, 1], 0.47771477699279785, 0.6733529567718506, 8.412825991399586e-11, 0]
[[10, 9, 5, 2], 0.1529548168182373, 0.08528900146484375, 4.050093593832571e-13, 0]
[[6, 6, 2, 2, 2, 2, 1, 1, 1, 1, 1, 1], 2.0033299922943115, 1.1349658966064453, 1.5599653124809265e-08, 0]
[[8, 6, 4, 4, 2, 2], 0.6889750957489014, 0.3840658664703369, 2.7284841053187847e-11, 0]
[[4, 4, 4, 3, 3, 3, 3, 1, 1], 2.12849497795105, 0.6787400245666504, 1.0884832590818405e-08, 0]
[[12, 6, 2, 2, 2, 2], 0.29023003578186035, 0.4555017948150635, 3.353761712787673e-12, 0]
[[12, 4, 3, 2, 2, 1, 1, 1], 0.41459035873413086, 0.7138707637786865, 5.002220859751105e-11, 0]
[[8, 6, 6, 3, 1, 1, 1], 0.6206121444702148, 0.347182035446167, 2.4101609596982598e-11, 0]
[[7, 5, 5, 3, 3, 3], 0.8030719757080078, 0.3628549575805664, 6.45741238258779e-11, 0]
[[10, 9, 2, 2, 2, 1], 0.2986412048339844, 0.3144218921661377, 4.746425474877469e-12, 0]
[[12, 6, 4, 4], 0.15557599067687988, 0.14299511909484863, 6.679101716144942e-13, 0]
[[5, 3, 3, 3, 3, 2, 1, 1, 1, 1, 1, 1, 1], 3.005764961242676, 1.1766939163208008, 3.948807716369629e-07, 0]
[[9, 8, 6, 3], 0.190230131149292, 0.08605480194091797, 6.963318810448982e-13, 0]
[[11, 3, 2, 2, 2, 2, 2, 1, 1], 0.6450490951538086, 0.9281799793243408, 4.0381564758718014e-10, 0]
[[5, 3, 2, 2, 2, 2, 2, 2, 1, 1, 1, 1, 1, 1], 3.4835410118103027, 1.3038947582244873, 0.00012231501750648022, 0]
[[5, 3, 3, 3, 3, 2, 2, 2, 2, 1], 2.9007811546325684, 0.9160661697387695, 4.284083843231201e-08, 0]
[[7, 7, 1, 1, 1, 1, 1, 1, 1, 1, 1, 1, 1, 1], 1.3507211208343506, 1.393479824066162, 5.076173692941666e-06, 0]
[[7, 4, 4, 3, 2, 1, 1, 1, 1, 1, 1], 1.9696202278137207, 1.0493760108947754, 1.146690919995308e-08, 0]
[[12, 7, 5, 2], 0.14310097694396973, 0.11630392074584961, 4.334310688136611e-13, 0]
[[7, 6, 6, 3, 2, 2], 0.6768889427185059, 0.3307220935821533, 2.4101609596982598e-11, 0]
[[10, 9, 5, 1, 1], 0.19143390655517578, 0.11603307723999023, 7.425171588693047e-13, 0]
[[7, 2, 2, 2, 1, 1, 1, 1, 1, 1, 1, 1, 1, 1, 1, 1, 1], 2.6071178913116455, 1.8325159549713135, 2.1457672119140625e-06, 0]
[[9, 8, 5, 1, 1, 1, 1], 0.4265098571777344, 0.3042771816253662, 6.480149750132114e-12, 0]
[[3, 3, 2, 2, 2, 2, 2, 2, 2, 2, 1, 1, 1, 1], 4.313412189483643, 1.2251489162445068, 6.377696990966797e-06, 0]
[[6, 6, 3, 3, 3, 2, 1, 1, 1], 1.7016220092773438, 0.8032500743865967, 2.8085196390748024e-09, 0]
[[8, 8, 6, 4], 0.2267451286315918, 0.08096003532409668, 5.826450433232822e-13, 0]
[[8, 2, 2, 2, 2, 2, 1, 1, 1, 1, 1, 1, 1, 1], 1.9051940441131592, 1.4211618900299072, 1.8347054719924927e-07, 0]
[[7, 5, 4, 3, 1, 1, 1, 1, 1, 1, 1], 1.663757085800171, 0.9791591167449951, 5.587935447692871e-09, 0]
[[8, 7, 2, 2, 2, 2, 1, 1, 1], 1.000929832458496, 0.779097318649292, 1.9281287677586079e-10, 0]
[[8, 5, 4, 4, 2, 2, 1], 0.9205770492553711, 0.5134100914001465, 8.458300726488233e-11, 0]
[[5, 5, 5, 5, 2, 1, 1, 1, 1], 1.5086169242858887, 0.5668938159942627, 1.1568772606551647e-09, 0]
[[21, 4, 1], 0.020840883255004883, 0.04089713096618652, 1.021405182655144e-14, 0]
[[6, 5, 4, 3, 3, 3, 1, 1], 1.5549969673156738, 0.6263637542724609, 8.840288501232862e-10, 0]
[[6, 5, 3, 3, 3, 3, 1, 1, 1], 1.7796320915222168, 0.7406129837036133, 4.5693013817071915e-09, 0]
[[11, 8, 2, 1, 1, 1, 1, 1], 0.3193080425262451, 0.4444589614868164, 1.261923898709938e-11, 0]
[[11, 4, 4, 4, 1, 1, 1], 0.4300849437713623, 0.4675319194793701, 1.3869794202037156e-11, 0]
[[9, 7, 6, 1, 1, 1, 1], 0.4320099353790283, 0.2797868251800537, 1.0743406164692715e-11, 0]
[[12, 11, 1, 1, 1], 0.08710312843322754, 0.07896709442138672, 1.2967404927621828e-13, 0]
[[4, 4, 4, 3, 3, 3, 2, 1, 1, 1], 2.437757968902588, 0.8169479370117188, 1.6298145055770874e-08, 0]
[[12, 8, 5, 1], 0.10870599746704102, 0.07652783393859863, 1.6342482922482304e-13, 0]
[[10, 3, 1, 1, 1, 1, 1, 1, 1, 1, 1, 1, 1, 1, 1], 1.0596561431884766, 1.586911916732788, 2.0666411728598177e-05, 0]
[[5, 3, 3, 3, 3, 2, 2, 2, 1, 1, 1], 2.902674913406372, 0.9872531890869141, 2.6188306833319075e-05, 0]
[[7, 3, 1, 1, 1, 1, 1, 1, 1, 1, 1, 1, 1, 1, 1, 1, 1, 1], 2.4420299530029297, 1.8187320232391357, 0.000579003244638443, 0]
[[10, 8, 5, 3], 0.18175816535949707, 0.10540580749511719, 4.369837824924616e-13, 0]
[[6, 5, 5, 5, 3, 1, 1], 1.0296618938446045, 0.3608729839324951, 8.003553375601768e-11, 0]
[[8, 7, 3, 2, 2, 2, 2], 0.8499941825866699, 0.5972330570220947, 3.456079866737127e-11, 0]
[[6, 6, 4, 4, 1, 1, 1, 1, 1, 1], 1.5521411895751953, 0.7553129196166992, 1.6007106751203537e-09, 0]
[[10, 8, 4, 4], 0.1883070468902588, 0.11362290382385254, 4.476419235288631e-13, 0]
