[[7, 1, 1, 1, 1, 1, 1, 1], 0.03484392166137695, 0.00613713264465332, 1.1226575225009583e-12, 0]
[[4, 3, 3, 3, 1], 0.041023969650268555, 0.0024869441986083984, 3.623767952376511e-13, 0]
[[6, 6, 1, 1], 0.01895880699157715, 0.0014410018920898438, 2.398081733190338e-14, 0]
[[13, 1], 0.0047609806060791016, 0.00042510032653808594, 0, 0]
[[4, 4, 3, 2, 1], 0.0396418571472168, 0.0026788711547851562, 5.471179065352771e-13, 0]
[[2, 2, 1, 1, 1, 1, 1, 1, 1, 1, 1, 1], 0.0913388729095459, 0.008816003799438477, 8.731149137020111e-11, 0]
[[4, 2, 2, 2, 2, 2], 0.054147958755493164, 0.0037250518798828125, 3.0411229090532288e-12, 0]
[[8, 2, 1, 1, 1, 1], 0.02361583709716797, 0.0042269229888916016, 8.526512829121202e-14, 0]
[[8, 3, 3], 0.013106107711791992, 0.0011889934539794922, 1.021405182655144e-14, 0]
[[7, 3, 3, 1], 0.02037501335144043, 0.0019261837005615234, 3.8191672047105385e-14, 0]
[[7, 4, 3], 0.01468801498413086, 0.0010228157043457031, 1.3322676295501878e-14, 0]
[[9, 4, 1], 0.009715080261230469, 0.0009310245513916016, 3.774758283725532e-15, 0]
[[9, 2, 2, 1], 0.014019966125488281, 0.00203704833984375, 1.5987211554602254e-14, 0]
[[5, 5, 3, 1], 0.02437877655029297, 0.001535177230834961, 4.707345624410664e-14, 0]
[[3, 2, 1, 1, 1, 1, 1, 1, 1, 1, 1], 0.08488965034484863, 0.008613109588623047, 7.821654435247183e-11, 0]
[[5, 2, 2, 2, 2, 1], 0.04642939567565918, 0.0038797855377197266, 7.105427357601002e-13, 0]
[[10, 3, 1], 0.008868217468261719, 0.001110076904296875, 2.220446049250313e-15, 0]
[[9, 1, 1, 1, 1, 1], 0.018496990203857422, 0.004373073577880859, 3.907985046680551e-14, 0]
[[6, 1, 1, 1, 1, 1, 1, 1, 1], 0.047009944915771484, 0.0073451995849609375, 2.5011104298755527e-12, 0]
[[4, 2, 2, 2, 2, 2], 0.053772926330566406, 0.003916740417480469, 3.0411229090532288e-12, 0]
[[3, 2, 2, 2, 1, 1, 1, 1, 1], 0.07495903968811035, 0.006871223449707031, 3.0468072509393096e-11, 0]
[[8, 2, 1, 1, 1, 1], 0.024033069610595703, 0.0038781166076660156, 8.526512829121202e-14, 0]
[[4, 4, 1, 1, 1, 1, 1, 1], 0.0585789680480957, 0.00603175163269043, 2.7569058147491887e-12, 0]
[[10, 2, 1, 1], 0.01168203353881836, 0.0018849372863769531, 6.217248937900877e-15, 0]
[[8, 3, 2, 1], 0.01697397232055664, 0.002008199691772461, 2.3092638912203256e-14, 0]
[[7, 4, 1, 1, 1], 0.023244857788085938, 0.002646923065185547, 8.704148513061227e-14, 0]
[[7, 5, 1, 1], 0.01735663414001465, 0.0015799999237060547, 1.5987211554602254e-14, 0]
[[12, 2], 0.0049779415130615234, 0.0004649162292480469, 2.220446049250313e-16, 0]
[[5, 3, 2, 2, 1, 1], 0.04543185234069824, 0.003790140151977539, 8.952838470577262e-13, 0]
[[8, 1, 1, 1, 1, 1, 1], 0.025482892990112305, 0.0053598880767822266, 1.5631940186722204e-13, 0]
[[10, 1, 1, 1, 1], 0.013649940490722656, 0.0027260780334472656, 1.4210854715202004e-14, 0]
[[4, 4, 4, 2], 0.0292971134185791, 0.0014867782592773438, 6.394884621840902e-14, 0]
[[6, 2, 2, 2, 2], 0.03306698799133301, 0.0032279491424560547, 1.4210854715202004e-13, 0]
[[3, 3, 1, 1, 1, 1, 1, 1, 1, 1], 0.07832193374633789, 0.0076808929443359375, 2.2737367544323206e-11, 0]
[[3, 3, 2, 2, 2, 2], 0.05612015724182129, 0.003470897674560547, 1.8189894035458565e-12, 0]
[[10, 3, 1], 0.00875997543334961, 0.0010221004486083984, 2.220446049250313e-15, 0]
[[8, 3, 1, 1, 1], 0.019971847534179688, 0.002832174301147461, 6.217248937900877e-14, 0]
[[6, 3, 3, 2], 0.025536060333251953, 0.0020360946655273438, 4.440892098500626e-14, 0]
[[2, 2, 2, 2, 2, 2, 2], 0.06797099113464355, 0.0043909549713134766, 4.661160346586257e-12, 0]
[[5, 5, 2, 2], 0.026259183883666992, 0.0017781257629394531, 3.552713678800501e-14, 0]
[[14], 0.002601146697998047, 0.00011682510375976562, 0, 0]
[[6, 3, 3, 1, 1], 0.03222227096557617, 0.002724885940551758, 1.0835776720341528e-13, 0]
[[8, 2, 1, 1, 1, 1], 0.023336172103881836, 0.004270792007446289, 8.526512829121202e-14, 0]
[[3, 2, 1, 1, 1, 1, 1, 1, 1, 1, 1], 0.08456611633300781, 0.009487152099609375, 7.821654435247183e-11, 0]
[[3, 2, 2, 2, 2, 2, 1], 0.0648488998413086, 0.004951000213623047, 4.888534022029489e-12, 0]
[[6, 2, 2, 2, 2], 0.03306388854980469, 0.003204822540283203, 1.4210854715202004e-13, 0]
[[7, 2, 1, 1, 1, 1, 1], 0.03226184844970703, 0.0050830841064453125, 2.984279490192421e-13, 0]
[[5, 4, 2, 2, 1], 0.03636288642883301, 0.0028967857360839844, 1.9184653865522705e-13, 0]
[[4, 2, 1, 1, 1, 1, 1, 1, 1, 1], 0.07253694534301758, 0.008630037307739258, 1.4551915228366852e-11, 0]
[[4, 3, 2, 2, 1, 1, 1], 0.058994293212890625, 0.004803895950317383, 2.1316282072803006e-12, 0]
[[10, 2, 2], 0.009199142456054688, 0.0012218952178955078, 3.9968028886505635e-15, 0]
[[11, 3], 0.0053386688232421875, 0.0004630088806152344, 1.1102230246251565e-16, 0]
[[4, 2, 2, 2, 2, 2], 0.054093122482299805, 0.0036139488220214844, 3.0411229090532288e-12, 0]
[[3, 2, 2, 2, 2, 1, 1, 1], 0.07281708717346191, 0.005608081817626953, 5.6843418860808015e-12, 0]
[[6, 4, 2, 1, 1], 0.030066967010498047, 0.0027971267700195312, 1.0302869668521453e-13, 0]
[[4, 2, 2, 2, 2, 1, 1], 0.061102867126464844, 0.005213022232055664, 3.467448550509289e-12, 0]
[[6, 5, 1, 1, 1], 0.025721073150634766, 0.002301931381225586, 8.704148513061227e-14, 0]
[[5, 3, 3, 1, 1, 1], 0.043761253356933594, 0.0038559436798095703, 1.4921397450962104e-13, 0]
[[10, 2, 1, 1], 0.011754989624023438, 0.002068042755126953, 6.217248937900877e-15, 0]
[[4, 3, 3, 1, 1, 1, 1], 0.056936025619506836, 0.004396915435791016, 8.526512829121202e-13, 0]
[[13, 1], 0.0045931339263916016, 0.00041985511779785156, 0, 0]
[[7, 2, 2, 2, 1], 0.026190757751464844, 0.0032608509063720703, 4.263256414560601e-14, 0]
[[7, 1, 1, 1, 1, 1, 1, 1], 0.0345921516418457, 0.0064849853515625, 1.1226575225009583e-12, 0]
[[3, 2, 2, 2, 2, 1, 1, 1], 0.07239770889282227, 0.005522251129150391, 5.6843418860808015e-12, 0]
[[6, 3, 3, 2], 0.025972843170166016, 0.0019757747650146484, 4.440892098500626e-14, 0]
[[6, 3, 3, 1, 1], 0.03108978271484375, 0.0027310848236083984, 1.0835776720341528e-13, 0]
[[5, 5, 2, 1, 1], 0.03197598457336426, 0.002657175064086914, 5.5067062021407764e-14, 0]
[[5, 2, 2, 2, 1, 1, 1], 0.05197501182556152, 0.005060911178588867, 1.8758328224066645e-12, 0]
[[2, 2, 2, 1, 1, 1, 1, 1, 1, 1, 1], 0.08799099922180176, 0.008910179138183594, 6.093614501878619e-11, 0]
[[7, 3, 3, 1], 0.020554065704345703, 0.002006053924560547, 3.8191672047105385e-14, 0]
[[3, 2, 2, 1, 1, 1, 1, 1, 1, 1], 0.08182501792907715, 0.007921934127807617, 3.228706191293895e-11, 0]
[[5, 1, 1, 1, 1, 1, 1, 1, 1, 1], 0.060941219329833984, 0.0077419281005859375, 7.958078640513122e-12, 0]
[[7, 4, 1, 1, 1], 0.023295879364013672, 0.0025942325592041016, 8.704148513061227e-14, 0]
[[6, 3, 3, 1, 1], 0.03117203712463379, 0.002752065658569336, 1.0835776720341528e-13, 0]
[[4, 3, 3, 2, 1, 1], 0.05123305320739746, 0.0034759044647216797, 5.968558980384842e-13, 0]
[[8, 1, 1, 1, 1, 1, 1], 0.02543187141418457, 0.00515294075012207, 1.5631940186722204e-13, 0]
[[5, 4, 3, 2], 0.028479814529418945, 0.0018360614776611328, 5.5067062021407764e-14, 0]
[[5, 2, 2, 1, 1, 1, 1, 1], 0.05500388145446777, 0.006058931350708008, 1.3926637620897964e-12, 0]
[[6, 4, 2, 2], 0.024718046188354492, 0.0019428730010986328, 2.1316282072803006e-14, 0]
[[5, 3, 2, 1, 1, 1, 1], 0.05025625228881836, 0.005264997482299805, 1.2789769243681803e-12, 0]
[[4, 4, 4, 1, 1], 0.036322832107543945, 0.0021691322326660156, 2.2026824808563106e-13, 0]
[[10, 4], 0.005897998809814453, 0.00042319297790527344, 3.3306690738754696e-16, 0]
[[3, 3, 3, 2, 1, 1, 1], 0.06141972541809082, 0.004504203796386719, 1.7053025658242404e-12, 0]
[[6, 3, 2, 2, 1], 0.03232693672180176, 0.0030710697174072266, 3.659295089164516e-13, 0]
[[3, 3, 2, 1, 1, 1, 1, 1, 1], 0.07481694221496582, 0.00705409049987793, 5.9117155615240335e-12, 0]
[[6, 2, 2, 2, 2], 0.033514976501464844, 0.003108978271484375, 1.4210854715202004e-13, 0]
[[3, 3, 2, 2, 2, 1, 1], 0.06426596641540527, 0.004875898361206055, 3.0127011996228248e-12, 0]
[[7, 7], 0.007097005844116211, 0.00026488304138183594, 3.3306690738754696e-16, 0]
[[6, 3, 1, 1, 1, 1, 1], 0.03901410102844238, 0.0051479339599609375, 2.4868995751603507e-13, 0]
[[8, 2, 1, 1, 1, 1], 0.022864103317260742, 0.004064083099365234, 8.526512829121202e-14, 0]
[[4, 4, 4, 2], 0.05952882766723633, 0.0014901161193847656, 6.394884621840902e-14, 0]
[[8, 4, 1, 1], 0.01526188850402832, 0.0017108917236328125, 2.398081733190338e-14, 0]
[[7, 3, 2, 1, 1], 0.025217056274414062, 0.0031070709228515625, 3.197442310920451e-14, 0]
[[6, 4, 4], 0.01573801040649414, 0.0008208751678466797, 1.1546319456101628e-14, 0]
[[12, 1, 1], 0.006659030914306641, 0.0009291172027587891, 1.1102230246251565e-16, 0]
[[10, 3, 1], 0.00852513313293457, 0.0010170936584472656, 2.220446049250313e-15, 0]
[[4, 4, 3, 2, 1], 0.03873109817504883, 0.0026960372924804688, 5.471179065352771e-13, 0]
[[6, 4, 1, 1, 1, 1], 0.03285813331604004, 0.0038061141967773438, 1.3500311979441904e-13, 0]
[[3, 3, 3, 2, 1, 1, 1], 0.06014513969421387, 0.004622936248779297, 1.7053025658242404e-12, 0]
[[5, 5, 4], 0.016506195068359375, 0.0007429122924804688, 1.021405182655144e-14, 0]
