[[3, 3, 3, 3, 3, 3, 1, 1, 1, 1], 0.811852216720581, 0.1684861183166504, 3.725290298461914e-09, 0]
[[12, 7, 1, 1, 1], 0.05421280860900879, 0.03368496894836426, 1.1191048088221578e-13, 0]
[[14, 2, 2, 1, 1, 1, 1], 0.0678718090057373, 0.1157841682434082, 6.536993168992922e-13, 0]
[[13, 2, 2, 2, 2, 1], 0.08030295372009277, 0.10947799682617188, 7.673861546209082e-13, 0]
[[9, 7, 4, 2], 0.09092283248901367, 0.02884817123413086, 2.4424906541753444e-13, 0]
[[9, 2, 2, 2, 2, 2, 2, 1], 0.28632497787475586, 0.1732339859008789, 3.6834535421803594e-11, 0]
[[14, 5, 1, 1, 1], 0.04254508018493652, 0.04277992248535156, 3.907985046680551e-14, 0]
[[13, 3, 2, 2, 1, 1], 0.07837986946105957, 0.09795832633972168, 6.963318810448982e-13, 0]
[[5, 5, 2, 2, 2, 2, 2, 2], 0.5651381015777588, 0.1601250171661377, 1.6007106751203537e-10, 0]
[[8, 4, 1, 1, 1, 1, 1, 1, 1, 1, 1, 1], 0.3998398780822754, 0.27817583084106445, 7.021299097687006e-10, 0]
[[3, 3, 3, 3, 3, 3, 3, 1], 0.7405052185058594, 0.11660075187683105, 1.280568540096283e-09, 0]
[[9, 4, 4, 2, 2, 1], 0.2513258457183838, 0.09494137763977051, 3.0411229090532288e-12, 0]
[[6, 5, 5, 2, 2, 1, 1], 0.37980222702026367, 0.10115671157836914, 1.9326762412674725e-11, 0]
[[7, 3, 2, 2, 2, 2, 1, 1, 1, 1], 0.56880784034729, 0.2189180850982666, 5.093170329928398e-10, 0]
[[12, 2, 2, 2, 2, 2], 0.10554194450378418, 0.11730694770812988, 2.4442670110147446e-12, 0]
[[5, 5, 3, 3, 2, 2, 1, 1], 0.5770161151885986, 0.14737296104431152, 1.709850039333105e-10, 0]
[[8, 8, 2, 1, 1, 1, 1], 0.17442917823791504, 0.08069682121276855, 2.1884716261411086e-12, 0]
[[3, 3, 2, 2, 2, 2, 1, 1, 1, 1, 1, 1, 1, 1], 1.107362985610962, 0.2925093173980713, 1.601874828338623e-07, 0]
[[11, 8, 1, 1, 1], 0.058648109436035156, 0.029472827911376953, 3.197442310920451e-14, 0]
[[4, 4, 4, 3, 3, 2, 1, 1], 0.5787100791931152, 0.1272730827331543, 2.3283064365386963e-10, 0]
[[11, 5, 2, 2, 2], 0.10155296325683594, 0.07326626777648926, 1.9895196601282805e-13, 0]
[[14, 4, 2, 1, 1], 0.04879188537597656, 0.05511021614074707, 7.638334409421077e-14, 0]
[[8, 7, 3, 1, 1, 1, 1], 0.20239520072937012, 0.0893409252166748, 4.433786671143025e-12, 0]
[[6, 6, 5, 2, 1, 1, 1], 0.29656291007995605, 0.08698010444641113, 7.16227077646181e-12, 0]
[[7, 7, 4, 3, 1], 0.16741037368774414, 0.04692888259887695, 6.536993168992922e-13, 0]
[[4, 4, 4, 3, 2, 2, 2, 1], 0.5836429595947266, 0.14428496360778809, 2.837623469531536e-10, 0]
[[9, 3, 1, 1, 1, 1, 1, 1, 1, 1, 1, 1], 0.3179969787597656, 0.2733147144317627, 6.83940015733242e-10, 0]
[[2, 2, 2, 2, 2, 2, 2, 2, 2, 2, 2], 1.038210153579712, 0.18807387351989746, 2.8405338525772095e-08, 0]
[[4, 4, 3, 3, 3, 2, 2, 1], 0.6090271472930908, 0.13913512229919434, 3.5652192309498787e-10, 0]
[[7, 5, 3, 3, 2, 2], 0.2951819896697998, 0.09666109085083008, 8.753886504564434e-12, 0]
[[5, 2, 2, 2, 2, 2, 2, 1, 1, 1, 1, 1], 0.9380037784576416, 0.2467939853668213, 1.6065314412117004e-08, 0]
[[7, 4, 4, 3, 1, 1, 1, 1], 0.37929677963256836, 0.13129711151123047, 3.228706191293895e-11, 0]
[[18, 2, 1, 1], 0.019718170166015625, 0.025595903396606445, 1.0658141036401503e-14, 0]
[[9, 9, 2, 2], 0.06931591033935547, 0.023103952407836914, 7.105427357601002e-14, 0]
[[8, 5, 2, 2, 2, 2, 1], 0.28916192054748535, 0.13281798362731934, 2.091837814077735e-11, 0]
[[11, 5, 4, 2], 0.07302403450012207, 0.03854727745056152, 1.2079226507921703e-13, 0]
[[5, 3, 3, 2, 1, 1, 1, 1, 1, 1, 1, 1, 1], 0.8317320346832275, 0.2773630619049072, 1.932494342327118e-08, 0]
[[11, 3, 2, 2, 2, 2], 0.13266277313232422, 0.11500740051269531, 2.7569058147491887e-12, 0]
[[5, 5, 3, 3, 2, 2, 2], 0.4728820323944092, 0.12129878997802734, 8.640199666842818e-11, 0]
[[4, 4, 3, 1, 1, 1, 1, 1, 1, 1, 1, 1, 1, 1], 0.9210648536682129, 0.3052408695220947, 4.0046870708465576e-08, 0]
[[5, 5, 4, 4, 3, 1], 0.3508720397949219, 0.0729210376739502, 1.2732925824820995e-11, 0]
[[13, 4, 2, 2, 1], 0.06660795211791992, 0.06828808784484863, 2.5224267119483557e-13, 0]
[[8, 7, 2, 2, 1, 1, 1], 0.21779394149780273, 0.10059404373168945, 2.2168933355715126e-12, 0]
[[6, 4, 4, 3, 2, 2, 1], 0.4318728446960449, 0.12006020545959473, 9.00399754755199e-11, 0]
[[13, 4, 3, 1, 1], 0.06278705596923828, 0.05975818634033203, 1.5631940186722204e-13, 0]
[[4, 3, 3, 2, 2, 2, 2, 2, 1, 1], 0.8510899543762207, 0.1951460838317871, 5.471520125865936e-09, 0]
[[12, 3, 2, 2, 2, 1], 0.10162615776062012, 0.10894393920898438, 1.6768808563938364e-12, 0]
[[11, 10, 1], 0.02509617805480957, 0.005616903305053711, 5.329070518200751e-15, 0]
[[6, 4, 3, 2, 2, 2, 2, 1], 0.5328319072723389, 0.16331815719604492, 1.7826096154749393e-10, 0]
[[13, 2, 2, 2, 1, 1, 1], 0.08890795707702637, 0.13025283813476562, 1.8758328224066645e-12, 0]
[[9, 5, 4, 2, 2], 0.16646814346313477, 0.06601905822753906, 1.1510792319313623e-12, 0]
[[16, 4, 1, 1], 0.025517940521240234, 0.026739120483398438, 1.1546319456101628e-14, 0]
[[7, 6, 5, 2, 1, 1], 0.28139495849609375, 0.06652021408081055, 2.0747847884194925e-12, 0]
[[3, 3, 3, 3, 3, 2, 2, 2, 1], 0.8262479305267334, 0.16305828094482422, 3.6088749766349792e-09, 0]
[[13, 7, 2], 0.027203083038330078, 0.011350870132446289, 1.3322676295501878e-14, 0]
[[5, 4, 4, 4, 4, 1], 0.3478219509124756, 0.0627140998840332, 7.275957614183426e-12, 0]
[[6, 4, 4, 2, 2, 1, 1, 1, 1], 0.5738389492034912, 0.16901302337646484, 2.4920154828578234e-10, 0]
[[7, 5, 2, 1, 1, 1, 1, 1, 1, 1, 1], 0.4836878776550293, 0.23120903968811035, 2.473825588822365e-10, 0]
[[18, 3, 1], 0.015704870223999023, 0.01311802864074707, 3.1086244689504383e-15, 0]
[[15, 2, 2, 2, 1], 0.04217076301574707, 0.06928205490112305, 1.8829382497642655e-13, 0]
[[14, 3, 3, 2], 0.042996883392333984, 0.04761815071105957, 8.526512829121202e-14, 0]
[[11, 6, 2, 2, 1], 0.08860111236572266, 0.05695700645446777, 1.9539925233402755e-13, 0]
[[2, 1, 1, 1, 1, 1, 1, 1, 1, 1, 1, 1, 1, 1, 1, 1, 1, 1, 1, 1, 1], 1.2888240814208984, 0.3828139305114746, 0.013500288128852844, 0]
[[15, 4, 1, 1, 1], 0.0382080078125, 0.04656815528869629, 5.240252676230739e-14, 0]
[[5, 5, 2, 2, 2, 2, 1, 1, 1, 1], 0.6376597881317139, 0.19906997680664062, 2.0227162167429924e-09, 0]
[[12, 8, 2], 0.02934098243713379, 0.009905099868774414, 7.549516567451064e-15, 0]
[[8, 5, 4, 2, 2, 1], 0.2325589656829834, 0.08947086334228516, 5.115907697472721e-12, 0]
[[6, 4, 4, 2, 2, 2, 2], 0.4504270553588867, 0.1264951229095459, 5.4797055781818926e-11, 0]
[[12, 4, 2, 1, 1, 1, 1], 0.10511302947998047, 0.11033987998962402, 1.4495071809506044e-12, 0]
[[11, 3, 2, 2, 1, 1, 1, 1], 0.16638684272766113, 0.18750286102294922, 8.640199666842818e-12, 0]
[[8, 5, 3, 3, 1, 1, 1], 0.27293992042541504, 0.11141800880432129, 5.172751116333529e-12, 0]
[[7, 2, 1, 1, 1, 1, 1, 1, 1, 1, 1, 1, 1, 1, 1], 0.6187546253204346, 0.3409311771392822, 3.795139491558075e-08, 0]
[[14, 2, 2, 1, 1, 1, 1], 0.06710100173950195, 0.11636114120483398, 6.536993168992922e-13, 0]
[[5, 4, 4, 4, 3, 2], 0.373079776763916, 0.07412600517272949, 1.5006662579253316e-11, 0]
[[4, 3, 3, 1, 1, 1, 1, 1, 1, 1, 1, 1, 1, 1, 1], 0.998420238494873, 0.3202698230743408, 5.8673322200775146e-08, 0]
[[5, 5, 3, 3, 1, 1, 1, 1, 1, 1], 0.6050429344177246, 0.19229412078857422, 8.949427865445614e-10, 0]
[[13, 3, 3, 2, 1], 0.0698099136352539, 0.07453703880310059, 4.227729277772596e-13, 0]
[[7, 5, 4, 3, 1, 1, 1], 0.32544422149658203, 0.10456514358520508, 1.8189894035458565e-11, 0]
[[3, 3, 3, 2, 2, 1, 1, 1, 1, 1, 1, 1, 1, 1], 1.159386157989502, 0.3433568477630615, 8.381903171539307e-08, 0]
[[7, 7, 7, 1], 0.09000587463378906, 0.01334381103515625, 1.4566126083082054e-13, 0]
[[7, 5, 2, 2, 2, 1, 1, 1, 1], 0.4533848762512207, 0.18178105354309082, 1.837179297581315e-10, 0]
[[4, 4, 3, 1, 1, 1, 1, 1, 1, 1, 1, 1, 1, 1], 0.9935910701751709, 0.3122551441192627, 4.0046870708465576e-08, 0]
[[5, 5, 2, 1, 1, 1, 1, 1, 1, 1, 1, 1, 1], 0.7947611808776855, 0.2974410057067871, 7.450580596923828e-09, 0]
[[7, 6, 5, 2, 2], 0.1948070526123047, 0.05334806442260742, 1.8189894035458565e-12, 0]
[[4, 2, 1, 1, 1, 1, 1, 1, 1, 1, 1, 1, 1, 1, 1, 1, 1, 1], 1.0606560707092285, 0.37164974212646484, 3.680586814880371e-06, 0]
[[5, 4, 3, 3, 2, 1, 1, 1, 1, 1], 0.769036054611206, 0.19572806358337402, 1.7680577002465725e-09, 0]
[[6, 4, 3, 3, 3, 1, 1, 1], 0.5005269050598145, 0.1401500701904297, 1.227817847393453e-10, 0]
[[13, 4, 2, 1, 1, 1], 0.0744168758392334, 0.08370518684387207, 3.907985046680551e-13, 0]
[[12, 4, 4, 1, 1], 0.0758810043334961, 0.05704903602600098, 1.1368683772161603e-13, 0]
[[8, 5, 1, 1, 1, 1, 1, 1, 1, 1, 1], 0.35539793968200684, 0.23024702072143555, 2.8558133635669947e-10, 0]
[[12, 4, 3, 1, 1, 1], 0.09430384635925293, 0.08527803421020508, 5.044853423896711e-13, 0]
[[5, 2, 2, 2, 2, 2, 2, 1, 1, 1, 1, 1], 0.9003150463104248, 0.24554204940795898, 1.6065314412117004e-08, 0]
[[4, 4, 4, 2, 2, 2, 1, 1, 1, 1], 0.7584981918334961, 0.19176387786865234, 2.8230715543031693e-09, 0]
[[8, 3, 2, 2, 2, 2, 1, 1, 1], 0.40166378021240234, 0.19039225578308105, 2.2737367544323206e-10, 0]
[[4, 4, 3, 2, 2, 2, 1, 1, 1, 1, 1], 0.8069629669189453, 0.2239842414855957, 1.076841726899147e-08, 0]
[[6, 3, 3, 2, 1, 1, 1, 1, 1, 1, 1, 1], 0.6942150592803955, 0.26728272438049316, 5.529727786779404e-09, 0]
[[5, 3, 3, 2, 2, 2, 1, 1, 1, 1, 1], 0.8214530944824219, 0.22596383094787598, 6.111804395914078e-09, 0]
[[8, 2, 2, 2, 2, 1, 1, 1, 1, 1, 1], 0.439119815826416, 0.24267220497131348, 6.475602276623249e-10, 0]
[[9, 4, 2, 2, 2, 2, 1], 0.2511470317840576, 0.14074373245239258, 9.777068044058979e-12, 0]
[[5, 5, 1, 1, 1, 1, 1, 1, 1, 1, 1, 1, 1, 1], 0.729651927947998, 0.31376004219055176, 1.728767529129982e-08, 0]
