[[10, 6, 3, 3, 3, 2, 1, 1, 1], 2.536159038543701, 3.517436981201172, 2.444721758365631e-09, 0]
[[10, 5, 3, 3, 3, 1, 1, 1, 1, 1, 1], 3.2141361236572266, 4.382569074630737, 1.461012288928032e-08, 0]
[[9, 7, 7, 4, 1, 1, 1], 1.325268030166626, 1.2060279846191406, 4.615685611497611e-11, 0]
[[8, 7, 3, 3, 2, 1, 1, 1, 1, 1, 1, 1], 4.60094690322876, 4.852694034576416, 5.51808625459671e-08, 0]
[[6, 6, 6, 5, 2, 2, 2, 1], 3.434063196182251, 2.3630638122558594, 3.259629011154175e-09, 0]
[[8, 7, 6, 4, 2, 1, 1, 1], 2.2891647815704346, 2.063106060028076, 2.764863893389702e-10, 0]
[[10, 5, 5, 3, 3, 2, 1, 1], 2.34306001663208, 2.9613850116729736, 1.1423253454267979e-09, 0]
[[6, 4, 2, 2, 2, 2, 2, 1, 1, 1, 1, 1, 1, 1, 1, 1, 1], 12.22023892402649, 7.409611940383911, 0.07025523483753204, 0]
[[12, 11, 3, 2, 1, 1], 0.41761326789855957, 0.8812651634216309, 2.8705926524708048e-12, 0]
[[10, 9, 4, 3, 2, 1, 1], 1.2596838474273682, 1.8789401054382324, 4.774847184307873e-11, 0]
[[15, 5, 1, 1, 1, 1, 1, 1, 1, 1, 1, 1], 0.7041411399841309, 4.815832614898682, 8.949427865445614e-10, 0]
[[8, 7, 6, 4, 3, 2], 1.741934061050415, 1.4482431411743164, 1.3005774235352874e-10, 0]
[[10, 3, 3, 3, 3, 2, 2, 1, 1, 1, 1], 4.214723110198975, 4.774494886398315, 7.171183824539185e-08, 0]
[[12, 2, 2, 2, 2, 2, 2, 2, 1, 1, 1, 1], 2.2741479873657227, 5.628915071487427, 4.470348358154297e-08, 0]
[[9, 5, 2, 2, 2, 2, 2, 2, 1, 1, 1, 1], 4.771813869476318, 5.3566672801971436, 2.1606683731079102e-07, 0]
[[9, 5, 3, 3, 3, 3, 3, 1], 3.5296630859375, 3.219636917114258, 2.7212081477046013e-09, 0]
[[9, 6, 5, 3, 2, 2, 2, 1], 3.1660661697387695, 2.977587938308716, 1.5352270565927029e-09, 0]
[[12, 3, 3, 2, 2, 2, 2, 2, 1, 1], 2.0199663639068604, 4.771289825439453, 7.159542292356491e-09, 0]
[[10, 6, 5, 4, 1, 1, 1, 1, 1], 2.0167222023010254, 2.6755359172821045, 5.020410753786564e-10, 0]
[[9, 5, 5, 5, 2, 2, 2], 2.317117214202881, 2.178088903427124, 3.310560714453459e-10, 0]
[[7, 3, 2, 2, 2, 2, 1, 1, 1, 1, 1, 1, 1, 1, 1, 1, 1, 1], 10.950845003128052, 8.207899808883667, 0.12804622948169708, 0]
[[9, 5, 4, 4, 2, 2, 1, 1, 1, 1], 3.654323101043701, 3.8660309314727783, 1.7636921256780624e-08, 0]
[[10, 5, 4, 2, 2, 2, 2, 1, 1, 1], 3.2826218605041504, 4.211465120315552, 6.9267116487026215e-09, 0]
[[15, 3, 3, 2, 2, 2, 1, 1, 1], 0.7822320461273193, 3.9186370372772217, 2.0736479200422764e-10, 0]
[[10, 3, 2, 1, 1, 1, 1, 1, 1, 1, 1, 1, 1, 1, 1, 1, 1, 1], 4.702929258346558, 8.581223011016846, 0.003959167283028364, 0]
[[8, 5, 5, 3, 2, 1, 1, 1, 1, 1, 1, 1], 5.436549186706543, 4.7864179611206055, 9.336508810520172e-08, 0]
[[11, 4, 4, 2, 2, 1, 1, 1, 1, 1, 1, 1], 2.8068108558654785, 5.142035007476807, 3.1315721571445465e-08, 0]
[[5, 5, 4, 3, 3, 3, 2, 2, 2, 1], 8.701587915420532, 4.108744859695435, 2.6635825634002686e-07, 0]
[[7, 7, 7, 5, 4], 1.131296157836914, 0.5890660285949707, 1.659827830735594e-11, 0]
[[6, 5, 4, 4, 2, 2, 2, 1, 1, 1, 1, 1], 8.185673952102661, 4.735227108001709, 9.164214134216309e-07, 0]
[[12, 7, 5, 5, 1], 0.502694845199585, 0.770010232925415, 1.4708234630234074e-12, 0]
[[21, 6, 3], 0.04586482048034668, 0.23637604713439941, 2.842170943040401e-14, 0]
[[12, 9, 4, 4, 1], 0.44693803787231445, 0.8096840381622314, 1.6484591469634324e-12, 0]
[[8, 8, 8, 3, 3], 0.8215858936309814, 0.5999400615692139, 7.275957614183426e-12, 0]
[[6, 4, 2, 2, 2, 2, 2, 2, 2, 1, 1, 1, 1, 1, 1], 11.773102045059204, 6.387479066848755, 0.027855925460301023, 0]
[[11, 6, 6, 4, 1, 1, 1], 1.2392401695251465, 1.543592929840088, 3.660716174636036e-11, 0]
[[5, 4, 4, 2, 2, 2, 2, 2, 1, 1, 1, 1, 1, 1, 1], 12.782837152481079, 6.473501205444336, 0.019061508355662227, 0]
[[12, 3, 3, 3, 3, 3, 3], 1.5429561138153076, 2.8284571170806885, 3.9472070056945086e-10, 0]
[[13, 7, 5, 5], 0.30052685737609863, 0.4618370532989502, 7.105427357601002e-13, 0]
[[15, 3, 3, 3, 2, 2, 1, 1], 0.7210721969604492, 3.4785208702087402, 1.2369127944111824e-10, 0]
[[14, 4, 2, 2, 2, 1, 1, 1, 1, 1, 1], 1.1768462657928467, 4.761728048324585, 2.1245796233415604e-09, 0]
[[10, 4, 3, 2, 2, 2, 1, 1, 1, 1, 1, 1, 1], 4.491125106811523, 5.8576390743255615, 7.349319639615715e-05, 0]
[[10, 7, 4, 4, 4, 1], 1.2609989643096924, 1.5183188915252686, 2.751221472863108e-11, 0]
[[4, 4, 4, 3, 1, 1, 1, 1, 1, 1, 1, 1, 1, 1, 1, 1, 1, 1, 1], 15.356173753738403, 8.247547149658203, 1.0, 1]
[[20, 4, 2, 2, 2], 0.17145013809204102, 1.3453738689422607, 9.166001291305292e-13, 0]
[[18, 6, 2, 2, 2], 0.16742491722106934, 1.181589126586914, 5.400124791776761e-13, 0]
[[30], 0.01845097541809082, 0.0050830841064453125, 0, 0]
[[17, 6, 2, 2, 2, 1], 0.26200294494628906, 1.6421058177947998, 2.3590018827235326e-12, 0]
[[16, 7, 3, 2, 2], 0.24982285499572754, 1.1321771144866943, 9.094947017729282e-13, 0]
[[13, 7, 6, 2, 1, 1], 0.578667163848877, 1.0257558822631836, 4.433786671143025e-12, 0]
[[12, 4, 3, 3, 2, 1, 1, 1, 1, 1, 1], 2.1946592330932617, 4.720602989196777, 1.076841726899147e-08, 0]
[[11, 5, 5, 2, 2, 1, 1, 1, 1, 1], 2.3899929523468018, 3.7137811183929443, 1.2951204553246498e-09, 0]
[[8, 8, 4, 4, 3, 2, 1], 2.218825340270996, 2.2564938068389893, 1.3096723705530167e-10, 0]
[[6, 4, 3, 3, 3, 3, 1, 1, 1, 1, 1, 1, 1, 1], 10.155587911605835, 5.740872383117676, 0.00022483756765723228, 0]
[[10, 9, 6, 2, 2, 1], 0.8245398998260498, 1.111119031906128, 1.2562395568238571e-11, 0]
[[8, 7, 5, 3, 3, 2, 1, 1], 3.2948639392852783, 2.719303846359253, 7.421476766467094e-10, 0]
[[9, 9, 5, 3, 1, 1, 1, 1], 1.6421120166778564, 2.040921211242676, 1.255102688446641e-10, 0]
[[8, 8, 4, 4, 1, 1, 1, 1, 1, 1], 3.191075086593628, 3.187717914581299, 1.3969838619232178e-09, 0]
[[5, 5, 4, 4, 2, 2, 1, 1, 1, 1, 1, 1, 1, 1], 10.15090298652649, 5.73479700088501, 0.0012441044673323631, 0]
[[20, 4, 2, 1, 1, 1, 1], 0.14673304557800293, 1.6990408897399902, 2.0179413695586845e-12, 0]
[[4, 3, 3, 3, 2, 2, 2, 2, 2, 1, 1, 1, 1, 1, 1, 1], 16.005595922470093, 6.408598899841309, 0.28009285032749176, 0]
[[8, 7, 4, 2, 2, 2, 2, 2, 1], 3.7780768871307373, 3.7560031414031982, 4.627509042620659e-09, 0]
[[11, 7, 4, 3, 3, 1, 1], 1.3124299049377441, 2.180172920227051, 7.503331289626658e-11, 0]
[[12, 11, 7], 0.13018393516540527, 0.062239885330200195, 6.394884621840902e-14, 0]
[[6, 5, 2, 2, 1, 1, 1, 1, 1, 1, 1, 1, 1, 1, 1, 1, 1, 1, 1], 11.140925884246826, 8.612112045288086, 0.08420190215110779, 0]
[[9, 8, 3, 3, 3, 2, 1, 1], 2.4092187881469727, 2.912601947784424, 6.766640581190586e-10, 0]
[[7, 5, 3, 3, 3, 2, 2, 1, 1, 1, 1, 1], 7.406538009643555, 4.8943610191345215, 0.0001473304100443329, 0]
[[11, 4, 2, 2, 1, 1, 1, 1, 1, 1, 1, 1, 1, 1, 1], 3.4865779876708984, 6.950714111328125, 2.4400651454925537e-07, 0]
[[4, 4, 4, 3, 2, 2, 1, 1, 1, 1, 1, 1, 1, 1, 1, 1, 1], 15.840353012084961, 7.3714728355407715, 0.09842609241604805, 0]
[[12, 8, 2, 2, 2, 2, 2], 0.9656248092651367, 2.4591522216796875, 2.6830093702301383e-11, 0]
[[9, 5, 3, 3, 3, 1, 1, 1, 1, 1, 1, 1], 4.724756956100464, 4.976935863494873, 7.404014468193054e-08, 0]
[[9, 4, 4, 4, 4, 2, 2, 1], 3.2231500148773193, 2.886514902114868, 1.8335413187742233e-09, 0]
[[8, 4, 4, 2, 1, 1, 1, 1, 1, 1, 1, 1, 1, 1, 1, 1], 6.680903911590576, 7.15044903755188, 0.0026544565334916115, 0]
[[13, 5, 4, 2, 2, 2, 1, 1], 1.0459561347961426, 3.0736472606658936, 1.000444171950221e-10, 0]
[[8, 7, 5, 3, 2, 2, 2, 1], 2.9302361011505127, 2.963510751724243, 9.38598532229662e-10, 0]
[[15, 6, 2, 2, 1, 1, 1, 1, 1], 0.5778136253356934, 2.897017002105713, 1.0322764865122736e-10, 0]
[[7, 7, 3, 3, 2, 2, 2, 1, 1, 1, 1], 5.328950881958008, 4.655322074890137, 4.7497451305389404e-08, 0]
[[10, 7, 6, 4, 2, 1], 1.0683467388153076, 1.262275218963623, 1.9326762412674725e-11, 0]
[[11, 10, 5, 1, 1, 1, 1], 0.6208310127258301, 1.0790460109710693, 9.833911462919787e-12, 0]
[[13, 3, 1, 1, 1, 1, 1, 1, 1, 1, 1, 1, 1, 1, 1, 1], 1.6910078525543213, 7.616559982299805, 0.00010551782906986773, 0]
[[8, 6, 3, 3, 2, 2, 2, 1, 1, 1, 1], 5.487361907958984, 4.785229206085205, 5.960464477539063e-08, 0]
[[4, 4, 4, 4, 2, 2, 1, 1, 1, 1, 1, 1, 1, 1, 1, 1], 12.0918550491333, 6.750025987625122, 0.0408166479319334, 0]
[[9, 6, 2, 2, 2, 2, 2, 1, 1, 1, 1, 1], 4.115490913391113, 5.202371120452881, 8.754432201385498e-08, 0]
[[15, 6, 5, 2, 1, 1], 0.3801231384277344, 1.3144261837005615, 2.1600499167107046e-12, 0]
[[8, 8, 7, 1, 1, 1, 1, 1, 1, 1], 1.8061962127685547, 2.3565471172332764, 7.821654435247183e-10, 0]
[[13, 6, 4, 2, 2, 1, 1, 1], 0.9415209293365479, 2.6120409965515137, 1.5006662579253316e-10, 0]
[[14, 7, 5, 2, 1, 1], 0.4384779930114746, 1.174055814743042, 3.637978807091713e-12, 0]
[[7, 6, 2, 2, 2, 2, 2, 2, 1, 1, 1, 1, 1], 6.92325496673584, 5.616487979888916, 0.00013523467350751162, 0]
[[8, 8, 4, 3, 3, 1, 1, 1, 1], 2.6890299320220947, 2.983191967010498, 8.076312951743603e-10, 0]
[[8, 6, 3, 3, 2, 2, 2, 2, 2], 4.9945149421691895, 4.0018088817596436, 1.4784745872020721e-08, 0]
[[8, 7, 5, 5, 4, 1], 1.5413191318511963, 1.1878912448883057, 6.002665031701326e-11, 0]
[[8, 8, 6, 4, 2, 1, 1], 1.8116579055786133, 1.5616669654846191, 6.548361852765083e-11, 0]
[[8, 5, 5, 4, 1, 1, 1, 1, 1, 1, 1, 1], 4.348421096801758, 4.271062850952148, 3.958120942115784e-08, 0]
[[8, 4, 4, 4, 3, 2, 2, 2, 1], 4.546613931655884, 3.527082920074463, 1.280568540096283e-08, 0]
[[10, 10, 3, 3, 2, 2], 0.8253269195556641, 1.5778131484985352, 1.1027623258996755e-11, 0]
[[9, 8, 6, 6, 1], 0.6566028594970703, 0.501863956451416, 3.211653165635653e-12, 0]
[[5, 5, 4, 4, 2, 2, 2, 2, 1, 1, 1, 1], 8.615455865859985, 4.892453193664551, 0.000166414822160732, 0]
[[8, 5, 3, 3, 3, 3, 3, 2], 4.205932140350342, 3.1202890872955322, 3.550667315721512e-09, 0]
[[7, 4, 3, 2, 2, 2, 2, 2, 2, 2, 2], 8.507802963256836, 5.159692049026489, 1.0579824447631836e-06, 0]
[[7, 5, 2, 2, 2, 2, 2, 2, 1, 1, 1, 1, 1, 1], 9.194437980651855, 6.206387042999268, 0.001181701198220253, 0]
