[[3, 2, 1, 1, 1, 1, 1], 0.029417037963867188, 0.0011601448059082031, 1.4210854715202004e-13, 0]
[[4, 3, 1, 1, 1], 0.01485896110534668, 0.0006520748138427734, 2.842170943040401e-14, 0]
[[4, 3, 2, 1], 0.011846780776977539, 0.00040912628173828125, 2.930988785010413e-14, 0]
[[5, 4, 1], 0.006855010986328125, 0.0002219676971435547, 3.3306690738754696e-15, 0]
[[5, 3, 2], 0.0076808929443359375, 0.0002498626708984375, 8.43769498715119e-15, 0]
[[9, 1], 0.003033876419067383, 0.00012993812561035156, 0, 0]
[[2, 2, 2, 2, 2], 0.016653060913085938, 0.0005168914794921875, 9.947598300641403e-14, 0]
[[4, 3, 1, 1, 1], 0.013412237167358398, 0.0006089210510253906, 2.842170943040401e-14, 0]
[[1, 1, 1, 1, 1, 1, 1, 1, 1, 1], 0.027148008346557617, 0.001291036605834961, 3.296918293926865e-12, 0]
[[4, 4, 1, 1], 0.010130882263183594, 0.0003581047058105469, 1.3322676295501878e-14, 0]
[[1, 1, 1, 1, 1, 1, 1, 1, 1, 1], 0.027579784393310547, 0.0012540817260742188, 3.296918293926865e-12, 0]
[[3, 2, 1, 1, 1, 1, 1], 0.020184993743896484, 0.000982046127319336, 1.4210854715202004e-13, 0]
[[5, 5], 0.004433155059814453, 0.00010013580322265625, 4.440892098500626e-16, 0]
[[4, 3, 1, 1, 1], 0.013594865798950195, 0.0005948543548583984, 2.842170943040401e-14, 0]
[[9, 1], 0.0030639171600341797, 0.00012302398681640625, 0, 0]
[[6, 2, 2], 0.006351947784423828, 0.0002689361572265625, 3.9968028886505635e-15, 0]
[[4, 1, 1, 1, 1, 1, 1], 0.01748180389404297, 0.001001119613647461, 1.7763568394002505e-13, 0]
[[4, 2, 1, 1, 1, 1], 0.016052961349487305, 0.0007731914520263672, 1.474376176702208e-13, 0]
[[7, 3], 0.0036208629608154297, 0.0001220703125, 1.1102230246251565e-16, 0]
[[5, 3, 2], 0.007385730743408203, 0.0002560615539550781, 8.43769498715119e-15, 0]
[[8, 1, 1], 0.0046901702880859375, 0.00027179718017578125, 1.1102230246251565e-16, 0]
[[2, 2, 2, 2, 1, 1], 0.019052743911743164, 0.0007271766662597656, 2.2737367544323206e-13, 0]
[[4, 1, 1, 1, 1, 1, 1], 0.01771092414855957, 0.0009200572967529297, 1.7763568394002505e-13, 0]
[[3, 2, 2, 2, 1], 0.015851974487304688, 0.0005681514739990234, 8.171241461241152e-14, 0]
[[3, 3, 2, 1, 1], 0.015195846557617188, 0.0006341934204101562, 4.618527782440651e-14, 0]
[[7, 2, 1], 0.005354881286621094, 0.0002739429473876953, 1.1102230246251565e-15, 0]
[[3, 2, 1, 1, 1, 1, 1], 0.020000934600830078, 0.00098419189453125, 1.4210854715202004e-13, 0]
[[3, 3, 2, 1, 1], 0.015136957168579102, 0.0005309581756591797, 4.618527782440651e-14, 0]
[[6, 4], 0.003936052322387695, 0.00010585784912109375, 3.3306690738754696e-16, 0]
[[5, 2, 1, 1, 1], 0.011678934097290039, 0.0006070137023925781, 2.1316282072803006e-14, 0]
[[4, 2, 1, 1, 1, 1], 0.016022682189941406, 0.0008192062377929688, 1.474376176702208e-13, 0]
[[4, 3, 3], 0.008275985717773438, 0.00021505355834960938, 6.661338147750939e-15, 0]
[[3, 2, 1, 1, 1, 1, 1], 0.01984691619873047, 0.0009720325469970703, 1.4210854715202004e-13, 0]
[[2, 2, 2, 2, 2], 0.015939950942993164, 0.0005440711975097656, 9.947598300641403e-14, 0]
[[10], 0.0016391277313232422, 3.6716461181640625e-05, 0, 0]
[[2, 2, 1, 1, 1, 1, 1, 1], 0.022712230682373047, 0.0011188983917236328, 5.684341886080801e-13, 0]
[[2, 2, 2, 2, 2], 0.01595020294189453, 0.0005679130554199219, 9.947598300641403e-14, 0]
[[3, 2, 2, 1, 1, 1], 0.01792311668395996, 0.0008230209350585938, 2.7711166694643907e-13, 0]
[[7, 3], 0.0035572052001953125, 0.00011992454528808594, 1.1102230246251565e-16, 0]
[[7, 1, 1, 1], 0.006636142730712891, 0.00043487548828125, 3.9968028886505635e-15, 0]
[[6, 2, 1, 1], 0.007998228073120117, 0.00043082237243652344, 1.1102230246251565e-14, 0]
[[4, 4, 1, 1], 0.010055303573608398, 0.0003666877746582031, 1.3322676295501878e-14, 0]
[[4, 2, 2, 2], 0.011509180068969727, 0.0004279613494873047, 2.6645352591003757e-14, 0]
[[5, 1, 1, 1, 1, 1], 0.012852907180786133, 0.0007750988006591797, 3.552713678800501e-14, 0]
[[4, 2, 2, 2], 0.011459827423095703, 0.00040793418884277344, 2.6645352591003757e-14, 0]
[[6, 1, 1, 1, 1], 0.009444952011108398, 0.0006077289581298828, 1.4210854715202004e-14, 0]
[[4, 2, 2, 1, 1], 0.013955116271972656, 0.0006086826324462891, 6.039613253960852e-14, 0]
[[5, 4, 1], 0.006596088409423828, 0.00021076202392578125, 3.3306690738754696e-15, 0]
[[2, 2, 2, 1, 1, 1, 1], 0.020899057388305664, 0.0009529590606689453, 1.7053025658242404e-13, 0]
[[5, 5], 0.004251718521118164, 9.131431579589844e-05, 4.440892098500626e-16, 0]
[[6, 2, 1, 1], 0.007955789566040039, 0.0004429817199707031, 1.1102230246251565e-14, 0]
[[6, 2, 2], 0.006258964538574219, 0.0002658367156982422, 3.9968028886505635e-15, 0]
[[4, 2, 2, 1, 1], 0.013852834701538086, 0.0005981922149658203, 6.039613253960852e-14, 0]
[[2, 2, 2, 2, 1, 1], 0.018761873245239258, 0.0007219314575195312, 2.2737367544323206e-13, 0]
[[8, 1, 1], 0.004594087600708008, 0.00024700164794921875, 1.1102230246251565e-16, 0]
[[2, 1, 1, 1, 1, 1, 1, 1, 1], 0.02434515953063965, 0.0012590885162353516, 2.1032064978498966e-12, 0]
[[7, 1, 1, 1], 0.0066051483154296875, 0.0004048347473144531, 3.9968028886505635e-15, 0]
[[7, 1, 1, 1], 0.006614208221435547, 0.00041484832763671875, 3.9968028886505635e-15, 0]
[[4, 4, 2], 0.0076389312744140625, 0.0002167224884033203, 3.9968028886505635e-15, 0]
[[5, 4, 1], 0.006609916687011719, 0.0002129077911376953, 3.3306690738754696e-15, 0]
[[4, 3, 1, 1, 1], 0.013171911239624023, 0.0005609989166259766, 2.842170943040401e-14, 0]
[[5, 2, 2, 1], 0.009715080261230469, 0.0004317760467529297, 2.398081733190338e-14, 0]
[[2, 2, 1, 1, 1, 1, 1, 1], 0.02273416519165039, 0.0010857582092285156, 5.684341886080801e-13, 0]
[[8, 1, 1], 0.004595041275024414, 0.000247955322265625, 1.1102230246251565e-16, 0]
[[1, 1, 1, 1, 1, 1, 1, 1, 1, 1], 0.027650117874145508, 0.0013718605041503906, 3.296918293926865e-12, 0]
[[4, 1, 1, 1, 1, 1, 1], 0.017740249633789062, 0.0009808540344238281, 1.7763568394002505e-13, 0]
[[3, 2, 2, 2, 1], 0.01603102684020996, 0.0005557537078857422, 8.171241461241152e-14, 0]
[[2, 2, 2, 2, 2], 0.01638484001159668, 0.0005042552947998047, 9.947598300641403e-14, 0]
[[5, 2, 2, 1], 0.009904146194458008, 0.0004360675811767578, 2.398081733190338e-14, 0]
[[8, 2], 0.0033419132232666016, 0.0001747608184814453, 2.220446049250313e-16, 0]
[[8, 1, 1], 0.00469517707824707, 0.00026297569274902344, 1.1102230246251565e-16, 0]
[[2, 2, 2, 2, 1, 1], 0.019069910049438477, 0.0006756782531738281, 2.2737367544323206e-13, 0]
[[5, 1, 1, 1, 1, 1], 0.013062000274658203, 0.0008120536804199219, 3.552713678800501e-14, 0]
[[3, 3, 2, 2], 0.012482166290283203, 0.0003871917724609375, 3.907985046680551e-14, 0]
[[3, 2, 2, 1, 1, 1], 0.01833200454711914, 0.0007638931274414062, 2.7711166694643907e-13, 0]
[[6, 2, 1, 1], 0.008238077163696289, 0.00043892860412597656, 1.1102230246251565e-14, 0]
[[4, 3, 3], 0.008286237716674805, 0.0002238750457763672, 6.661338147750939e-15, 0]
[[4, 2, 1, 1, 1, 1], 0.01613783836364746, 0.0007929801940917969, 1.474376176702208e-13, 0]
[[7, 1, 1, 1], 0.006769895553588867, 0.0004172325134277344, 3.9968028886505635e-15, 0]
[[8, 1, 1], 0.004755973815917969, 0.0002570152282714844, 1.1102230246251565e-16, 0]
[[10], 0.0016398429870605469, 3.719329833984375e-05, 0, 0]
[[4, 2, 2, 1, 1], 0.014152765274047852, 0.0005772113800048828, 6.039613253960852e-14, 0]
[[6, 2, 2], 0.00635218620300293, 0.0002639293670654297, 3.9968028886505635e-15, 0]
[[5, 1, 1, 1, 1, 1], 0.013067007064819336, 0.0008418560028076172, 3.552713678800501e-14, 0]
[[10], 0.0016739368438720703, 4.00543212890625e-05, 0, 0]
[[2, 2, 1, 1, 1, 1, 1, 1], 0.02332592010498047, 0.0010712146759033203, 5.684341886080801e-13, 0]
[[2, 2, 1, 1, 1, 1, 1, 1], 0.023283004760742188, 0.001032114028930664, 5.684341886080801e-13, 0]
[[7, 1, 1, 1], 0.006876945495605469, 0.000457763671875, 3.9968028886505635e-15, 0]
[[2, 2, 2, 2, 1, 1], 0.018975019454956055, 0.0007500648498535156, 2.2737367544323206e-13, 0]
[[4, 3, 1, 1, 1], 0.013550996780395508, 0.000553131103515625, 2.842170943040401e-14, 0]
[[8, 1, 1], 0.004644870758056641, 0.0002613067626953125, 1.1102230246251565e-16, 0]
[[3, 1, 1, 1, 1, 1, 1, 1], 0.021773815155029297, 0.0010569095611572266, 1.5774048733874224e-12, 0]
[[4, 1, 1, 1, 1, 1, 1], 0.017667055130004883, 0.0010139942169189453, 1.7763568394002505e-13, 0]
[[5, 4, 1], 0.0068209171295166016, 0.00022125244140625, 3.3306690738754696e-15, 0]
[[3, 2, 1, 1, 1, 1, 1], 0.020164966583251953, 0.0009691715240478516, 1.4210854715202004e-13, 0]
[[4, 2, 2, 2], 0.011655092239379883, 0.0004208087921142578, 2.6645352591003757e-14, 0]
[[3, 2, 2, 2, 1], 0.01577615737915039, 0.0005869865417480469, 8.171241461241152e-14, 0]
[[5, 1, 1, 1, 1, 1], 0.013163089752197266, 0.0008707046508789062, 3.552713678800501e-14, 0]
[[4, 1, 1, 1, 1, 1, 1], 0.01839303970336914, 0.0010330677032470703, 1.7763568394002505e-13, 0]
[[3, 2, 2, 2, 1], 0.01732802391052246, 0.0007112026214599609, 8.171241461241152e-14, 0]
