[[13, 7, 7, 4, 1, 1, 1], 1.8394417762756348, 5.326313018798828, 4.8203219193965197e-11, 0]
[[10, 8, 4, 4, 2, 2, 1, 1, 1, 1], 8.446059226989746, 14.909790992736816, 1.83936208486557e-08, 0]
[[13, 8, 6, 6, 1], 0.9851300716400146, 2.414246082305908, 3.353761712787673e-12, 0]
[[8, 8, 4, 4, 2, 1, 1, 1, 1, 1, 1, 1, 1], 15.959281921386719, 20.0316059589386, 0.00019645481370389462, 0]
[[7, 5, 5, 4, 2, 2, 2, 1, 1, 1, 1, 1, 1, 1], 27.663208961486816, 22.629154682159424, 0.013644535094499588, 0]
[[11, 8, 5, 5, 2, 2, 1], 3.4215288162231445, 7.837131023406982, 3.583409124985337e-10, 0]
[[17, 5, 4, 3, 2, 2, 1], 1.0554602146148682, 11.04380488395691, 6.548361852765083e-11, 0]
[[10, 2, 2, 1, 1, 1, 1, 1, 1, 1, 1, 1, 1, 1, 1, 1, 1, 1, 1, 1, 1, 1, 1], 20.428515195846558, 40.11825680732727, 22.0, 871]
[[14, 7, 6, 3, 2, 1, 1], 1.6392476558685303, 7.116722106933594, 7.548806024715304e-11, 0]
[[16, 2, 2, 2, 2, 2, 2, 2, 2, 1, 1], 2.4631099700927734, 22.140989780426025, 3.67872416973114e-08, 0]
[[9, 3, 3, 2, 2, 2, 2, 2, 2, 2, 2, 2, 1], 24.723016023635864, 25.380362033843994, 0.028485333546996117, 0]
[[7, 2, 2, 2, 2, 2, 2, 2, 2, 2, 2, 1, 1, 1, 1, 1, 1, 1], 45.61483192443848, 30.05173897743225, 17.0, 1213]
[[9, 9, 7, 2, 1, 1, 1, 1, 1, 1, 1], 5.9392991065979, 11.910004138946533, 1.1757947504520416e-08, 0]
[[8, 8, 6, 6, 3, 3], 3.983128786087036, 4.763835906982422, 2.455635694786906e-10, 0]
[[14, 5, 3, 3, 3, 2, 1, 1, 1, 1], 3.8382279872894287, 17.663254022598267, 8.818460628390312e-09, 0]
[[7, 4, 3, 3, 3, 3, 3, 3, 1, 1, 1, 1, 1], 34.11197280883789, 21.053767204284668, 0.016206247732043266, 0]
[[16, 6, 3, 1, 1, 1, 1, 1, 1, 1, 1, 1], 1.8073747158050537, 18.52012300491333, 3.4051481634378433e-09, 0]
[[7, 5, 4, 2, 2, 2, 2, 2, 2, 2, 1, 1, 1, 1], 35.59325194358826, 26.046229124069214, 0.08606629446148872, 0]
[[7, 6, 6, 5, 3, 2, 2, 2, 1], 14.117860078811646, 13.137383937835693, 7.59027898311615e-08, 0]
[[8, 4, 3, 1, 1, 1, 1, 1, 1, 1, 1, 1, 1, 1, 1, 1, 1, 1, 1, 1, 1, 1], 35.033273220062256, 40.86977791786194, 21.0, 1180]
[[12, 6, 4, 4, 3, 3, 1, 1], 7.206079006195068, 12.727504014968872, 1.7316779121756554e-09, 0]
[[17, 14, 3], 0.1021881103515625, 0.18218588829040527, 3.6415315207705135e-14, 0]
[[5, 4, 4, 4, 4, 2, 2, 1, 1, 1, 1, 1, 1, 1, 1, 1], 45.30961275100708, 26.86136031150818, 1.0, 1]
[[8, 6, 6, 2, 2, 2, 1, 1, 1, 1, 1, 1, 1, 1], 20.868584871292114, 22.971471309661865, 0.0003491174429655075, 0]
[[7, 6, 6, 5, 3, 3, 3, 1], 11.218806028366089, 10.855443954467773, 1.658918336033821e-08, 0]
[[6, 3, 3, 3, 3, 2, 2, 1, 1, 1, 1, 1, 1, 1, 1, 1, 1, 1, 1], 51.60455012321472, 33.886414766311646, 18.0, 1589]
[[10, 8, 3, 3, 2, 2, 2, 2, 2], 7.989789962768555, 17.212633848190308, 1.5541445463895798e-08, 0]
[[14, 11, 2, 2, 2, 2, 1], 1.1019530296325684, 6.887412071228027, 2.751221472863108e-11, 0]
[[4, 3, 3, 3, 3, 3, 3, 3, 3, 2, 2, 2], 48.81790900230408, 18.995124101638794, 0.17443355172872543, 0]
[[13, 9, 5, 4, 2, 1], 1.5625650882720947, 5.683582782745361, 3.751665644813329e-11, 0]
[[12, 10, 3, 3, 1, 1, 1, 1, 1, 1], 3.0081470012664795, 12.415060043334961, 1.1423253454267979e-09, 0]
[[5, 2, 2, 2, 1, 1, 1, 1, 1, 1, 1, 1, 1, 1, 1, 1, 1, 1, 1, 1, 1, 1, 1, 1, 1, 1, 1], 59.600919008255005, 41.74272584915161, 23717.270568847656, 11584]
[[7, 7, 7, 5, 4, 4], 4.50180196762085, 4.564223051071167, 6.948539521545172e-10, 0]
[[15, 5, 3, 3, 3, 1, 1, 1, 1, 1], 2.856534004211426, 16.89101004600525, 4.5693013817071915e-09, 0]
[[7, 6, 5, 3, 1, 1, 1, 1, 1, 1, 1, 1, 1, 1, 1, 1, 1], 26.809396028518677, 29.801539182662964, 0.05579081270843744, 0]
[[9, 2, 1, 1, 1, 1, 1, 1, 1, 1, 1, 1, 1, 1, 1, 1, 1, 1, 1, 1, 1, 1, 1, 1, 1], 29.08530592918396, 41.70892095565796, 96.83989381790161, 3260]
[[8, 6, 4, 4, 3, 2, 2, 2, 1, 1, 1], 18.40784001350403, 18.499500036239624, 1.3113021850585938e-06, 0]
[[7, 6, 5, 3, 2, 2, 2, 2, 1, 1, 1, 1, 1], 25.52858328819275, 22.981066942214966, 0.006281217560172081, 0]
[[13, 10, 8, 2, 1], 0.6742463111877441, 1.418428897857666, 3.595346242946107e-12, 0]
[[24, 3, 1, 1, 1, 1, 1, 1, 1], 0.2136378288269043, 8.90421199798584, 4.774847184307873e-12, 0]
[[6, 4, 4, 4, 4, 3, 3, 3, 3], 24.85300898551941, 12.706836938858032, 4.0978193283081055e-07, 0]
[[8, 5, 2, 2, 2, 2, 2, 1, 1, 1, 1, 1, 1, 1, 1, 1, 1, 1], 31.82402992248535, 31.452305793762207, 1.0, 6]
[[13, 3, 2, 2, 2, 2, 1, 1, 1, 1, 1, 1, 1, 1, 1, 1], 7.710537910461426, 29.720475912094116, 0.0041437032632529736, 0]
[[13, 11, 4, 2, 2, 1, 1], 1.2807769775390625, 5.921486854553223, 3.001332515850663e-11, 0]
[[5, 4, 3, 3, 2, 2, 1, 1, 1, 1, 1, 1, 1, 1, 1, 1, 1, 1, 1, 1, 1], 61.34586787223816, 35.75019097328186, 65.53230285644531, 5179]
[[20, 6, 3, 3, 2], 0.306804895401001, 5.337606191635132, 2.3163693185779266e-12, 0]
[[7, 5, 3, 3, 3, 3, 3, 3, 2, 1, 1], 26.80400276184082, 18.55022120475769, 0.004281076007139006, 0]
[[10, 9, 9, 3, 1, 1, 1], 1.931976079940796, 3.1303319931030273, 5.775291356258094e-11, 0]
[[8, 8, 5, 2, 2, 2, 2, 1, 1, 1, 1, 1], 12.517299890518188, 19.39092206954956, 4.7124922275543213e-07, 0]
[[9, 5, 5, 4, 4, 2, 2, 1, 1, 1], 13.442187070846558, 15.602331161499023, 7.031485438346863e-08, 0]
[[17, 6, 5, 1, 1, 1, 1, 1, 1], 0.9820990562438965, 9.940108060836792, 9.458744898438454e-11, 0]
[[15, 7, 4, 3, 3, 1, 1], 1.5670320987701416, 9.608617067337036, 7.503331289626658e-11, 0]
[[4, 3, 3, 3, 3, 3, 2, 2, 1, 1, 1, 1, 1, 1, 1, 1, 1, 1, 1], 57.849035024642944, 32.18164920806885, 51.16011047363281, 4273]
[[10, 7, 5, 4, 3, 3, 1, 1], 7.174353837966919, 11.89012098312378, 3.914465196430683e-09, 0]
[[4, 3, 3, 3, 3, 3, 2, 2, 2, 2, 2, 2, 1, 1, 1], 55.72687005996704, 25.710973978042603, 2.8010920584201813, 268]
[[21, 5, 3, 2, 1, 1, 1], 0.35820698738098145, 8.07161808013916, 8.697043085703626e-12, 0]
[[10, 6, 3, 3, 3, 3, 3, 2, 1], 11.244038105010986, 16.821830987930298, 5.029141902923584e-08, 0]
[[15, 5, 3, 2, 2, 1, 1, 1, 1, 1, 1, 1], 3.597831964492798, 21.088927030563354, 1.4086253941059113e-08, 0]
[[11, 4, 3, 3, 2, 1, 1, 1, 1, 1, 1, 1, 1, 1, 1, 1], 14.010625123977661, 29.799724102020264, 0.008758359123021364, 0]
[[6, 6, 2, 2, 2, 2, 1, 1, 1, 1, 1, 1, 1, 1, 1, 1, 1, 1, 1, 1], 41.279825925827026, 36.78572678565979, 19.0, 858]
[[8, 6, 4, 3, 2, 2, 2, 2, 2, 1, 1, 1], 23.58209991455078, 22.770572185516357, 0.0028780121356248856, 0]
[[7, 5, 3, 3, 2, 1, 1, 1, 1, 1, 1, 1, 1, 1, 1, 1, 1, 1, 1], 40.45940589904785, 35.11439800262451, 1.9137433990836143, 72]
[[11, 4, 4, 3, 3, 2, 1, 1, 1, 1, 1, 1, 1], 12.755315065383911, 22.316579818725586, 0.0005224654451012611, 0]
[[9, 6, 3, 2, 2, 2, 2, 2, 1, 1, 1, 1, 1, 1], 20.998952865600586, 24.73652696609497, 0.006170409949845634, 0]
[[7, 4, 4, 4, 3, 2, 2, 1, 1, 1, 1, 1, 1, 1, 1], 32.9444363117218, 24.274656057357788, 0.06495893932878971, 0]
[[16, 4, 2, 2, 2, 2, 2, 2, 1, 1], 2.161158800125122, 19.598533868789673, 3.0850060284137726e-09, 0]
[[5, 5, 3, 2, 2, 2, 2, 2, 1, 1, 1, 1, 1, 1, 1, 1, 1, 1, 1], 53.75665593147278, 33.443947076797485, 18.0, 1933]
[[12, 5, 2, 2, 1, 1, 1, 1, 1, 1, 1, 1, 1, 1, 1, 1, 1], 10.719820022583008, 31.883108854293823, 0.0030425754375755787, 0]
[[9, 8, 8, 3, 1, 1, 1, 1, 1, 1], 5.844492197036743, 9.371587753295898, 3.4924596548080444e-09, 0]
[[8, 4, 3, 3, 3, 2, 2, 2, 1, 1, 1, 1, 1, 1, 1], 36.74997925758362, 25.372537851333618, 0.10683016292750835, 0]
[[15, 6, 4, 4, 3, 1, 1], 1.7751994132995605, 9.611315965652466, 6.093614501878619e-11, 0]
[[7, 7, 7, 3, 3, 2, 2, 1, 1, 1], 12.091928958892822, 13.954583644866943, 1.2153759598731995e-07, 0]
[[15, 6, 5, 4, 1, 1, 1, 1], 1.7960760593414307, 9.206312894821167, 1.1004885891452432e-10, 0]
[[6, 5, 5, 5, 5, 2, 2, 2, 2], 16.62732195854187, 12.054257869720459, 1.862645149230957e-07, 0]
[[16, 9, 3, 2, 1, 1, 1, 1], 0.9017012119293213, 7.025270938873291, 4.160938260611147e-11, 0]
[[18, 8, 6, 1, 1], 0.29875993728637695, 1.9773428440093994, 4.121147867408581e-13, 0]
[[23, 3, 3, 3, 2], 0.18552684783935547, 5.8258349895477295, 7.958078640513122e-13, 0]
[[14, 8, 8, 2, 1, 1], 0.8623809814453125, 2.518977165222168, 9.890754881780595e-12, 0]
[[5, 4, 4, 4, 3, 3, 2, 1, 1, 1, 1, 1, 1, 1, 1, 1], 40.89032769203186, 25.29366183280945, 1.0, 1]
[[9, 6, 5, 3, 3, 1, 1, 1, 1, 1, 1, 1, 1], 14.140684127807617, 20.30256199836731, 0.00023457198403775692, 0]
[[7, 7, 6, 2, 2, 2, 2, 2, 2, 1, 1], 15.224926948547363, 18.639164209365845, 5.759997293353081e-05, 0]
[[12, 6, 6, 5, 5], 1.5540668964385986, 2.8829421997070312, 2.034994395216927e-11, 0]
[[11, 9, 4, 3, 2, 2, 2, 1], 5.012065887451172, 12.085960149765015, 6.584741640836e-10, 0]
[[24, 3, 3, 1, 1, 1, 1], 0.17292189598083496, 6.633802890777588, 2.0179413695586845e-12, 0]
[[11, 4, 4, 4, 3, 2, 2, 1, 1, 1, 1], 10.483917951583862, 18.959387063980103, 1.1175870895385742e-07, 0]
[[6, 5, 5, 5, 5, 4, 3, 1], 13.337860822677612, 8.698296070098877, 2.514570951461792e-08, 0]
[[13, 5, 3, 2, 2, 2, 2, 2, 2, 1], 5.890033960342407, 20.72310495376587, 4.0745362639427185e-08, 0]
[[11, 6, 3, 1, 1, 1, 1, 1, 1, 1, 1, 1, 1, 1, 1, 1, 1], 11.444159984588623, 30.969648838043213, 0.004695299547165632, 0]
[[7, 7, 6, 5, 5, 4], 4.899730920791626, 4.185708999633789, 9.204086381942034e-10, 0]
[[8, 7, 5, 4, 3, 3, 3, 1], 9.996501207351685, 12.047423124313354, 1.4319084584712982e-08, 0]
[[26, 4, 2, 1, 1], 0.09317612648010254, 2.4189612865448, 7.283063041541027e-14, 0]
[[7, 6, 5, 3, 3, 3, 2, 2, 2, 1], 19.60351800918579, 17.291738986968994, 3.725290298461914e-07, 0]
[[11, 8, 3, 3, 3, 2, 2, 1, 1], 6.1364500522613525, 14.861538887023926, 4.773028194904327e-09, 0]
[[13, 7, 6, 4, 1, 1, 1, 1], 2.421117067337036, 7.691972017288208, 1.6189005691558123e-10, 0]
[[7, 5, 5, 4, 4, 3, 3, 3], 14.50710391998291, 10.836300134658813, 3.864988684654236e-08, 0]
[[5, 5, 5, 5, 1, 1, 1, 1, 1, 1, 1, 1, 1, 1, 1, 1, 1, 1], 32.96726989746094, 29.333486080169678, 1.0, 1]
[[23, 5, 2, 1, 1, 1, 1], 0.20072197914123535, 5.500122308731079, 2.2168933355715126e-12, 0]
[[7, 7, 7, 3, 1, 1, 1, 1, 1, 1, 1, 1, 1, 1], 13.828267574310303, 19.98182725906372, 0.00012434914242476225, 0]
[[9, 8, 3, 3, 3, 3, 2, 2, 1], 8.82595682144165, 15.675422191619873, 2.6426278054714203e-08, 0]
[[10, 6, 5, 3, 2, 2, 2, 2, 1, 1], 10.616168975830078, 16.971899271011353, 8.847564458847046e-08, 0]
